split,year,tile,crop,true_start_doy,true_end_doy,pred_start_doy,pred_end_doy,window_iou,feature_set,source_workbook
train,2022,16_5,Cotton,220,350,203,289,0.46938775510204084,all_indices,/scrfs/storage/yikebe/home/DeepSatModels_updated/outputs/2022_AR/16_5/harvest_summary_all_crops.xlsx
train,2022,4_8,Cotton,220,320,211,302,0.7522935779816514,all_indices,/scrfs/storage/yikebe/home/DeepSatModels_updated/outputs/2022_AR/4_8/harvest_summary_all_crops.xlsx
train,2022,6_9,Cotton,255,300,242,306,0.703125,all_indices,/scrfs/storage/yikebe/home/DeepSatModels_updated/outputs/2022_AR/6_9/harvest_summary_all_crops.xlsx
train,2022,11_1,Cotton,225,350,245,309,0.512,all_indices,/scrfs/storage/yikebe/home/DeepSatModels_updated/outputs/2022_AR/11_1/harvest_summary_all_crops.xlsx
train,2022,12_12,Cotton,265,315,256,314,0.8305084745762712,all_indices,/scrfs/storage/yikebe/home/DeepSatModels_updated/outputs/2022_AR/12_12/harvest_summary_all_crops.xlsx
train,2022,1_10,Cotton,293,313,266,316,0.4,all_indices,/scrfs/storage/yikebe/home/DeepSatModels_updated/outputs/2022_AR/1_10/harvest_summary_all_crops.xlsx
train,2022,6_1,Cotton,193,313,204,287,0.6916666666666667,all_indices,/scrfs/storage/yikebe/home/DeepSatModels_updated/outputs/2022_AR/6_1/harvest_summary_all_crops.xlsx
train,2022,7_17,Cotton,258,320,259,320,0.9838709677419355,all_indices,/scrfs/storage/yikebe/home/DeepSatModels_updated/outputs/2022_AR/7_17/harvest_summary_all_crops.xlsx
train,2022,5_8,Cotton,203,288,209,298,0.8315789473684211,all_indices,/scrfs/storage/yikebe/home/DeepSatModels_updated/outputs/2022_AR/5_8/harvest_summary_all_crops.xlsx
train,2022,15_4,Cotton,250,315,243,308,0.8055555555555556,all_indices,/scrfs/storage/yikebe/home/DeepSatModels_updated/outputs/2022_AR/15_4/harvest_summary_all_crops.xlsx
train,2022,7_6,Cotton,255,320,254,313,0.8787878787878788,all_indices,/scrfs/storage/yikebe/home/DeepSatModels_updated/outputs/2022_AR/7_6/harvest_summary_all_crops.xlsx
train,2022,4_18,Cotton,313,320,245,312,0.0,all_indices,/scrfs/storage/yikebe/home/DeepSatModels_updated/outputs/2022_AR/4_18/harvest_summary_all_crops.xlsx
train,2022,12_9,Cotton,225,350,214,299,0.5441176470588235,all_indices,/scrfs/storage/yikebe/home/DeepSatModels_updated/outputs/2022_AR/12_9/harvest_summary_all_crops.xlsx
train,2022,5_19,Cotton,313,320,263,319,0.10526315789473684,all_indices,/scrfs/storage/yikebe/home/DeepSatModels_updated/outputs/2022_AR/5_19/harvest_summary_all_crops.xlsx
train,2022,6_6,Cotton,228,293,236,308,0.7125,all_indices,/scrfs/storage/yikebe/home/DeepSatModels_updated/outputs/2022_AR/6_6/harvest_summary_all_crops.xlsx
train,2022,5_3,Cotton,220,313,205,286,0.6111111111111112,all_indices,/scrfs/storage/yikebe/home/DeepSatModels_updated/outputs/2022_AR/5_3/harvest_summary_all_crops.xlsx
train,2022,18_18,Cotton,255,300,253,302,0.9183673469387755,all_indices,/scrfs/storage/yikebe/home/DeepSatModels_updated/outputs/2022_AR/18_18/harvest_summary_all_crops.xlsx
train,2022,13_5,Cotton,270,295,257,310,0.4716981132075472,all_indices,/scrfs/storage/yikebe/home/DeepSatModels_updated/outputs/2022_AR/13_5/harvest_summary_all_crops.xlsx
train,2022,8_18,Cotton,255,320,225,290,0.3684210526315789,all_indices,/scrfs/storage/yikebe/home/DeepSatModels_updated/outputs/2022_AR/8_18/harvest_summary_all_crops.xlsx
train,2022,4_7,Cotton,255,320,252,316,0.8970588235294118,all_indices,/scrfs/storage/yikebe/home/DeepSatModels_updated/outputs/2022_AR/4_7/harvest_summary_all_crops.xlsx
train,2022,10_17,Cotton,255,320,251,312,0.8260869565217391,all_indices,/scrfs/storage/yikebe/home/DeepSatModels_updated/outputs/2022_AR/10_17/harvest_summary_all_crops.xlsx
train,2022,18_3,Cotton,270,315,250,310,0.6153846153846154,all_indices,/scrfs/storage/yikebe/home/DeepSatModels_updated/outputs/2022_AR/18_3/harvest_summary_all_crops.xlsx
train,2022,19_9,Cotton,265,290,260,304,0.5681818181818182,all_indices,/scrfs/storage/yikebe/home/DeepSatModels_updated/outputs/2022_AR/19_9/harvest_summary_all_crops.xlsx
train,2022,7_13,Cotton,255,320,240,309,0.675,all_indices,/scrfs/storage/yikebe/home/DeepSatModels_updated/outputs/2022_AR/7_13/harvest_summary_all_crops.xlsx
train,2022,13_9,Cotton,265,350,259,313,0.5274725274725275,all_indices,/scrfs/storage/yikebe/home/DeepSatModels_updated/outputs/2022_AR/13_9/harvest_summary_all_crops.xlsx
train,2022,18_4,Cotton,250,350,246,308,0.5576923076923077,all_indices,/scrfs/storage/yikebe/home/DeepSatModels_updated/outputs/2022_AR/18_4/harvest_summary_all_crops.xlsx
train,2022,16_8,Cotton,220,275,210,280,0.7857142857142857,all_indices,/scrfs/storage/yikebe/home/DeepSatModels_updated/outputs/2022_AR/16_8/harvest_summary_all_crops.xlsx
train,2022,12_4,Cotton,220,350,216,300,0.5970149253731343,all_indices,/scrfs/storage/yikebe/home/DeepSatModels_updated/outputs/2022_AR/12_4/harvest_summary_all_crops.xlsx
train,2022,8_11,Cotton,255,320,249,310,0.7746478873239436,all_indices,/scrfs/storage/yikebe/home/DeepSatModels_updated/outputs/2022_AR/8_11/harvest_summary_all_crops.xlsx
train,2022,13_12,Cotton,255,300,254,306,0.8653846153846154,all_indices,/scrfs/storage/yikebe/home/DeepSatModels_updated/outputs/2022_AR/13_12/harvest_summary_all_crops.xlsx
train,2022,16_4,Cotton,255,315,245,310,0.7857142857142857,all_indices,/scrfs/storage/yikebe/home/DeepSatModels_updated/outputs/2022_AR/16_4/harvest_summary_all_crops.xlsx
train,2022,11_12,Cotton,225,320,223,297,0.7422680412371134,all_indices,/scrfs/storage/yikebe/home/DeepSatModels_updated/outputs/2022_AR/11_12/harvest_summary_all_crops.xlsx
train,2022,17_8,Cotton,255,275,231,292,0.32786885245901637,all_indices,/scrfs/storage/yikebe/home/DeepSatModels_updated/outputs/2022_AR/17_8/harvest_summary_all_crops.xlsx
train,2022,18_7,Cotton,265,290,252,303,0.49019607843137253,all_indices,/scrfs/storage/yikebe/home/DeepSatModels_updated/outputs/2022_AR/18_7/harvest_summary_all_crops.xlsx
train,2022,4_3,Cotton,258,300,233,302,0.6086956521739131,all_indices,/scrfs/storage/yikebe/home/DeepSatModels_updated/outputs/2022_AR/4_3/harvest_summary_all_crops.xlsx
train,2022,8_8,Cotton,255,320,251,313,0.8405797101449275,all_indices,/scrfs/storage/yikebe/home/DeepSatModels_updated/outputs/2022_AR/8_8/harvest_summary_all_crops.xlsx
train,2022,19_4,Cotton,280,350,257,319,0.41935483870967744,all_indices,/scrfs/storage/yikebe/home/DeepSatModels_updated/outputs/2022_AR/19_4/harvest_summary_all_crops.xlsx
train,2022,19_16,Cotton,248,350,248,306,0.5686274509803921,all_indices,/scrfs/storage/yikebe/home/DeepSatModels_updated/outputs/2022_AR/19_16/harvest_summary_all_crops.xlsx
train,2022,6_19,Cotton,270,320,258,319,0.7903225806451613,all_indices,/scrfs/storage/yikebe/home/DeepSatModels_updated/outputs/2022_AR/6_19/harvest_summary_all_crops.xlsx
train,2022,14_5,Cotton,255,315,241,306,0.6891891891891891,all_indices,/scrfs/storage/yikebe/home/DeepSatModels_updated/outputs/2022_AR/14_5/harvest_summary_all_crops.xlsx
train,2022,10_12,Cotton,220,320,217,294,0.7184466019417476,all_indices,/scrfs/storage/yikebe/home/DeepSatModels_updated/outputs/2022_AR/10_12/harvest_summary_all_crops.xlsx
train,2022,4_16,Cotton,270,320,239,306,0.4444444444444444,all_indices,/scrfs/storage/yikebe/home/DeepSatModels_updated/outputs/2022_AR/4_16/harvest_summary_all_crops.xlsx
train,2022,8_2,Cotton,255,285,250,293,0.6976744186046512,all_indices,/scrfs/storage/yikebe/home/DeepSatModels_updated/outputs/2022_AR/8_2/harvest_summary_all_crops.xlsx
train,2022,0_17,Cotton,278,313,240,293,0.2054794520547945,all_indices,/scrfs/storage/yikebe/home/DeepSatModels_updated/outputs/2022_AR/0_17/harvest_summary_all_crops.xlsx
train,2022,11_2,Cotton,220,350,250,309,0.45384615384615384,all_indices,/scrfs/storage/yikebe/home/DeepSatModels_updated/outputs/2022_AR/11_2/harvest_summary_all_crops.xlsx
train,2022,7_8,Cotton,228,320,230,303,0.7934782608695652,all_indices,/scrfs/storage/yikebe/home/DeepSatModels_updated/outputs/2022_AR/7_8/harvest_summary_all_crops.xlsx
train,2022,18_14,Cotton,225,350,247,313,0.528,all_indices,/scrfs/storage/yikebe/home/DeepSatModels_updated/outputs/2022_AR/18_14/harvest_summary_all_crops.xlsx
train,2022,9_14,Cotton,255,320,255,323,0.9558823529411765,all_indices,/scrfs/storage/yikebe/home/DeepSatModels_updated/outputs/2022_AR/9_14/harvest_summary_all_crops.xlsx
train,2022,19_3,Cotton,270,350,249,309,0.38613861386138615,all_indices,/scrfs/storage/yikebe/home/DeepSatModels_updated/outputs/2022_AR/19_3/harvest_summary_all_crops.xlsx
train,2022,6_10,Cotton,255,320,252,311,0.8235294117647058,all_indices,/scrfs/storage/yikebe/home/DeepSatModels_updated/outputs/2022_AR/6_10/harvest_summary_all_crops.xlsx
train,2022,2_16,Cotton,218,313,245,292,0.49473684210526314,all_indices,/scrfs/storage/yikebe/home/DeepSatModels_updated/outputs/2022_AR/2_16/harvest_summary_all_crops.xlsx
train,2022,7_3,Cotton,205,300,211,295,0.8842105263157894,all_indices,/scrfs/storage/yikebe/home/DeepSatModels_updated/outputs/2022_AR/7_3/harvest_summary_all_crops.xlsx
train,2022,16_7,Cotton,255,350,218,289,0.25757575757575757,all_indices,/scrfs/storage/yikebe/home/DeepSatModels_updated/outputs/2022_AR/16_7/harvest_summary_all_crops.xlsx
train,2022,8_3,Cotton,255,300,251,293,0.7755102040816326,all_indices,/scrfs/storage/yikebe/home/DeepSatModels_updated/outputs/2022_AR/8_3/harvest_summary_all_crops.xlsx
train,2022,6_4,Cotton,225,300,212,298,0.8295454545454546,all_indices,/scrfs/storage/yikebe/home/DeepSatModels_updated/outputs/2022_AR/6_4/harvest_summary_all_crops.xlsx
train,2022,8_19,Cotton,270,320,256,313,0.671875,all_indices,/scrfs/storage/yikebe/home/DeepSatModels_updated/outputs/2022_AR/8_19/harvest_summary_all_crops.xlsx
train,2022,7_0,Cotton,225,313,254,320,0.6210526315789474,all_indices,/scrfs/storage/yikebe/home/DeepSatModels_updated/outputs/2022_AR/7_0/harvest_summary_all_crops.xlsx
train,2022,7_1,Cotton,265,350,251,315,0.5050505050505051,all_indices,/scrfs/storage/yikebe/home/DeepSatModels_updated/outputs/2022_AR/7_1/harvest_summary_all_crops.xlsx
train,2022,17_0,Cotton,250,295,236,291,0.6949152542372882,all_indices,/scrfs/storage/yikebe/home/DeepSatModels_updated/outputs/2022_AR/17_0/harvest_summary_all_crops.xlsx
train,2022,15_16,Cotton,260,320,263,317,0.9,all_indices,/scrfs/storage/yikebe/home/DeepSatModels_updated/outputs/2022_AR/15_16/harvest_summary_all_crops.xlsx
train,2022,17_17,Cotton,255,300,251,312,0.7377049180327869,all_indices,/scrfs/storage/yikebe/home/DeepSatModels_updated/outputs/2022_AR/17_17/harvest_summary_all_crops.xlsx
train,2022,8_16,Cotton,255,313,247,310,0.8333333333333334,all_indices,/scrfs/storage/yikebe/home/DeepSatModels_updated/outputs/2022_AR/8_16/harvest_summary_all_crops.xlsx
train,2022,2_15,Cotton,263,313,260,313,0.9433962264150944,all_indices,/scrfs/storage/yikebe/home/DeepSatModels_updated/outputs/2022_AR/2_15/harvest_summary_all_crops.xlsx
train,2022,17_3,Cotton,255,295,241,296,0.7272727272727273,all_indices,/scrfs/storage/yikebe/home/DeepSatModels_updated/outputs/2022_AR/17_3/harvest_summary_all_crops.xlsx
train,2022,15_15,Cotton,225,350,254,317,0.504,all_indices,/scrfs/storage/yikebe/home/DeepSatModels_updated/outputs/2022_AR/15_15/harvest_summary_all_crops.xlsx
train,2022,17_13,Cotton,265,350,266,313,0.5529411764705883,all_indices,/scrfs/storage/yikebe/home/DeepSatModels_updated/outputs/2022_AR/17_13/harvest_summary_all_crops.xlsx
train,2022,13_17,Cotton,260,315,259,313,0.9464285714285714,all_indices,/scrfs/storage/yikebe/home/DeepSatModels_updated/outputs/2022_AR/13_17/harvest_summary_all_crops.xlsx
train,2022,15_7,Cotton,255,350,242,303,0.4444444444444444,all_indices,/scrfs/storage/yikebe/home/DeepSatModels_updated/outputs/2022_AR/15_7/harvest_summary_all_crops.xlsx
train,2022,8_17,Cotton,258,320,263,322,0.890625,all_indices,/scrfs/storage/yikebe/home/DeepSatModels_updated/outputs/2022_AR/8_17/harvest_summary_all_crops.xlsx
train,2022,7_7,Cotton,228,320,229,305,0.8260869565217391,all_indices,/scrfs/storage/yikebe/home/DeepSatModels_updated/outputs/2022_AR/7_7/harvest_summary_all_crops.xlsx
train,2022,5_15,Cotton,255,320,264,326,0.7887323943661971,all_indices,/scrfs/storage/yikebe/home/DeepSatModels_updated/outputs/2022_AR/5_15/harvest_summary_all_crops.xlsx
train,2022,15_18,Cotton,270,315,259,312,0.75,all_indices,/scrfs/storage/yikebe/home/DeepSatModels_updated/outputs/2022_AR/15_18/harvest_summary_all_crops.xlsx
train,2022,16_19,Cotton,260,350,256,313,0.5638297872340425,all_indices,/scrfs/storage/yikebe/home/DeepSatModels_updated/outputs/2022_AR/16_19/harvest_summary_all_crops.xlsx
train,2022,3_15,Cotton,225,320,224,293,0.7083333333333334,all_indices,/scrfs/storage/yikebe/home/DeepSatModels_updated/outputs/2022_AR/3_15/harvest_summary_all_crops.xlsx
train,2022,9_13,Cotton,228,320,255,326,0.6632653061224489,all_indices,/scrfs/storage/yikebe/home/DeepSatModels_updated/outputs/2022_AR/9_13/harvest_summary_all_crops.xlsx
train,2022,6_0,Cotton,228,300,215,298,0.8235294117647058,all_indices,/scrfs/storage/yikebe/home/DeepSatModels_updated/outputs/2022_AR/6_0/harvest_summary_all_crops.xlsx
train,2022,10_19,Cotton,255,320,250,308,0.7571428571428571,all_indices,/scrfs/storage/yikebe/home/DeepSatModels_updated/outputs/2022_AR/10_19/harvest_summary_all_crops.xlsx
train,2022,7_11,Cotton,220,320,234,309,0.75,all_indices,/scrfs/storage/yikebe/home/DeepSatModels_updated/outputs/2022_AR/7_11/harvest_summary_all_crops.xlsx
train,2022,18_17,Cotton,225,315,229,291,0.6888888888888889,all_indices,/scrfs/storage/yikebe/home/DeepSatModels_updated/outputs/2022_AR/18_17/harvest_summary_all_crops.xlsx
train,2022,13_19,Cotton,270,320,244,312,0.5526315789473685,all_indices,/scrfs/storage/yikebe/home/DeepSatModels_updated/outputs/2022_AR/13_19/harvest_summary_all_crops.xlsx
train,2022,10_13,Cotton,228,313,240,303,0.7411764705882353,all_indices,/scrfs/storage/yikebe/home/DeepSatModels_updated/outputs/2022_AR/10_13/harvest_summary_all_crops.xlsx
train,2022,6_18,Cotton,258,320,254,314,0.8484848484848485,all_indices,/scrfs/storage/yikebe/home/DeepSatModels_updated/outputs/2022_AR/6_18/harvest_summary_all_crops.xlsx
train,2022,8_7,Cotton,225,320,224,303,0.8125,all_indices,/scrfs/storage/yikebe/home/DeepSatModels_updated/outputs/2022_AR/8_7/harvest_summary_all_crops.xlsx
train,2022,10_5,Cotton,270,350,247,314,0.42718446601941745,all_indices,/scrfs/storage/yikebe/home/DeepSatModels_updated/outputs/2022_AR/10_5/harvest_summary_all_crops.xlsx
train,2022,3_18,Cotton,258,278,219,282,0.31746031746031744,all_indices,/scrfs/storage/yikebe/home/DeepSatModels_updated/outputs/2022_AR/3_18/harvest_summary_all_crops.xlsx
train,2022,6_11,Cotton,255,290,241,308,0.5223880597014925,all_indices,/scrfs/storage/yikebe/home/DeepSatModels_updated/outputs/2022_AR/6_11/harvest_summary_all_crops.xlsx
train,2022,0_19,Cotton,78,178,239,302,0.0,all_indices,/scrfs/storage/yikebe/home/DeepSatModels_updated/outputs/2022_AR/0_19/harvest_summary_all_crops.xlsx
train,2022,2_17,Cotton,263,288,249,297,0.5208333333333334,all_indices,/scrfs/storage/yikebe/home/DeepSatModels_updated/outputs/2022_AR/2_17/harvest_summary_all_crops.xlsx
train,2022,11_4,Cotton,255,315,261,318,0.8571428571428571,all_indices,/scrfs/storage/yikebe/home/DeepSatModels_updated/outputs/2022_AR/11_4/harvest_summary_all_crops.xlsx
train,2022,11_0,Cotton,260,350,260,317,0.6333333333333333,all_indices,/scrfs/storage/yikebe/home/DeepSatModels_updated/outputs/2022_AR/11_0/harvest_summary_all_crops.xlsx
train,2022,15_5,Cotton,180,260,193,281,0.6633663366336634,all_indices,/scrfs/storage/yikebe/home/DeepSatModels_updated/outputs/2022_AR/15_5/harvest_summary_all_crops.xlsx
train,2022,15_2,Cotton,190,295,214,288,0.7047619047619048,all_indices,/scrfs/storage/yikebe/home/DeepSatModels_updated/outputs/2022_AR/15_2/harvest_summary_all_crops.xlsx
train,2022,14_16,Cotton,260,320,264,318,0.9,all_indices,/scrfs/storage/yikebe/home/DeepSatModels_updated/outputs/2022_AR/14_16/harvest_summary_all_crops.xlsx
train,2022,12_7,Cotton,220,285,221,302,0.7804878048780488,all_indices,/scrfs/storage/yikebe/home/DeepSatModels_updated/outputs/2022_AR/12_7/harvest_summary_all_crops.xlsx
train,2022,12_3,Cotton,255,350,251,310,0.5555555555555556,all_indices,/scrfs/storage/yikebe/home/DeepSatModels_updated/outputs/2022_AR/12_3/harvest_summary_all_crops.xlsx
train,2022,19_6,Cotton,270,350,262,314,0.5,all_indices,/scrfs/storage/yikebe/home/DeepSatModels_updated/outputs/2022_AR/19_6/harvest_summary_all_crops.xlsx
train,2022,8_14,Cotton,228,320,236,310,0.8043478260869565,all_indices,/scrfs/storage/yikebe/home/DeepSatModels_updated/outputs/2022_AR/8_14/harvest_summary_all_crops.xlsx
train,2022,11_19,Cotton,255,320,261,315,0.8307692307692308,all_indices,/scrfs/storage/yikebe/home/DeepSatModels_updated/outputs/2022_AR/11_19/harvest_summary_all_crops.xlsx
train,2022,19_1,Cotton,255,295,245,300,0.7272727272727273,all_indices,/scrfs/storage/yikebe/home/DeepSatModels_updated/outputs/2022_AR/19_1/harvest_summary_all_crops.xlsx
train,2022,13_18,Cotton,195,300,243,306,0.5135135135135135,all_indices,/scrfs/storage/yikebe/home/DeepSatModels_updated/outputs/2022_AR/13_18/harvest_summary_all_crops.xlsx
train,2022,19_14,Cotton,260,300,259,314,0.7272727272727273,all_indices,/scrfs/storage/yikebe/home/DeepSatModels_updated/outputs/2022_AR/19_14/harvest_summary_all_crops.xlsx
train,2022,9_1,Cotton,255,300,248,293,0.7307692307692307,all_indices,/scrfs/storage/yikebe/home/DeepSatModels_updated/outputs/2022_AR/9_1/harvest_summary_all_crops.xlsx
train,2022,9_16,Cotton,258,320,251,310,0.7536231884057971,all_indices,/scrfs/storage/yikebe/home/DeepSatModels_updated/outputs/2022_AR/9_16/harvest_summary_all_crops.xlsx
train,2022,3_1,Cotton,293,350,273,328,0.45454545454545453,all_indices,/scrfs/storage/yikebe/home/DeepSatModels_updated/outputs/2022_AR/3_1/harvest_summary_all_crops.xlsx
train,2022,3_10,Cotton,255,320,248,312,0.7916666666666666,all_indices,/scrfs/storage/yikebe/home/DeepSatModels_updated/outputs/2022_AR/3_10/harvest_summary_all_crops.xlsx
train,2022,5_4,Cotton,258,313,247,304,0.696969696969697,all_indices,/scrfs/storage/yikebe/home/DeepSatModels_updated/outputs/2022_AR/5_4/harvest_summary_all_crops.xlsx
train,2022,9_9,Cotton,255,320,245,311,0.7466666666666667,all_indices,/scrfs/storage/yikebe/home/DeepSatModels_updated/outputs/2022_AR/9_9/harvest_summary_all_crops.xlsx
train,2022,0_11,Cotton,258,313,255,316,0.9016393442622951,all_indices,/scrfs/storage/yikebe/home/DeepSatModels_updated/outputs/2022_AR/0_11/harvest_summary_all_crops.xlsx
train,2022,11_16,Cotton,255,300,239,302,0.7142857142857143,all_indices,/scrfs/storage/yikebe/home/DeepSatModels_updated/outputs/2022_AR/11_16/harvest_summary_all_crops.xlsx
train,2022,11_6,Cotton,205,315,208,301,0.8454545454545455,all_indices,/scrfs/storage/yikebe/home/DeepSatModels_updated/outputs/2022_AR/11_6/harvest_summary_all_crops.xlsx
train,2022,14_0,Cotton,190,280,201,276,0.8333333333333334,all_indices,/scrfs/storage/yikebe/home/DeepSatModels_updated/outputs/2022_AR/14_0/harvest_summary_all_crops.xlsx
train,2022,5_1,Cotton,193,313,212,290,0.65,all_indices,/scrfs/storage/yikebe/home/DeepSatModels_updated/outputs/2022_AR/5_1/harvest_summary_all_crops.xlsx
train,2022,16_12,Cotton,265,350,258,306,0.44565217391304346,all_indices,/scrfs/storage/yikebe/home/DeepSatModels_updated/outputs/2022_AR/16_12/harvest_summary_all_crops.xlsx
train,2022,4_10,Cotton,255,320,245,307,0.6933333333333334,all_indices,/scrfs/storage/yikebe/home/DeepSatModels_updated/outputs/2022_AR/4_10/harvest_summary_all_crops.xlsx
train,2022,3_17,Cotton,258,288,217,277,0.2676056338028169,all_indices,/scrfs/storage/yikebe/home/DeepSatModels_updated/outputs/2022_AR/3_17/harvest_summary_all_crops.xlsx
train,2022,13_11,Cotton,265,300,255,303,0.7291666666666666,all_indices,/scrfs/storage/yikebe/home/DeepSatModels_updated/outputs/2022_AR/13_11/harvest_summary_all_crops.xlsx
train,2022,4_15,Cotton,228,288,231,303,0.76,all_indices,/scrfs/storage/yikebe/home/DeepSatModels_updated/outputs/2022_AR/4_15/harvest_summary_all_crops.xlsx
train,2022,17_12,Cotton,255,350,254,310,0.5729166666666666,all_indices,/scrfs/storage/yikebe/home/DeepSatModels_updated/outputs/2022_AR/17_12/harvest_summary_all_crops.xlsx
train,2022,10_9,Cotton,265,300,252,308,0.625,all_indices,/scrfs/storage/yikebe/home/DeepSatModels_updated/outputs/2022_AR/10_9/harvest_summary_all_crops.xlsx
train,2022,2_2,Cotton,265,313,259,313,0.8888888888888888,all_indices,/scrfs/storage/yikebe/home/DeepSatModels_updated/outputs/2022_AR/2_2/harvest_summary_all_crops.xlsx
train,2022,8_10,Cotton,255,320,245,307,0.6933333333333334,all_indices,/scrfs/storage/yikebe/home/DeepSatModels_updated/outputs/2022_AR/8_10/harvest_summary_all_crops.xlsx
train,2022,17_4,Cotton,250,350,244,305,0.5188679245283019,all_indices,/scrfs/storage/yikebe/home/DeepSatModels_updated/outputs/2022_AR/17_4/harvest_summary_all_crops.xlsx
train,2022,11_17,Cotton,255,320,250,308,0.7571428571428571,all_indices,/scrfs/storage/yikebe/home/DeepSatModels_updated/outputs/2022_AR/11_17/harvest_summary_all_crops.xlsx
train,2022,16_13,Cotton,265,350,259,308,0.4725274725274725,all_indices,/scrfs/storage/yikebe/home/DeepSatModels_updated/outputs/2022_AR/16_13/harvest_summary_all_crops.xlsx
train,2022,14_3,Cotton,190,295,207,283,0.7238095238095238,all_indices,/scrfs/storage/yikebe/home/DeepSatModels_updated/outputs/2022_AR/14_3/harvest_summary_all_crops.xlsx
train,2022,5_17,Cotton,258,320,252,317,0.8676470588235294,all_indices,/scrfs/storage/yikebe/home/DeepSatModels_updated/outputs/2022_AR/5_17/harvest_summary_all_crops.xlsx
train,2022,15_13,Cotton,265,350,263,312,0.5402298850574713,all_indices,/scrfs/storage/yikebe/home/DeepSatModels_updated/outputs/2022_AR/15_13/harvest_summary_all_crops.xlsx
train,2022,13_14,Cotton,265,350,263,319,0.6206896551724138,all_indices,/scrfs/storage/yikebe/home/DeepSatModels_updated/outputs/2022_AR/13_14/harvest_summary_all_crops.xlsx
train,2022,15_17,Cotton,260,320,262,317,0.9166666666666666,all_indices,/scrfs/storage/yikebe/home/DeepSatModels_updated/outputs/2022_AR/15_17/harvest_summary_all_crops.xlsx
train,2022,9_4,Cotton,255,290,246,304,0.603448275862069,all_indices,/scrfs/storage/yikebe/home/DeepSatModels_updated/outputs/2022_AR/9_4/harvest_summary_all_crops.xlsx
train,2022,18_19,Cotton,270,315,256,307,0.6271186440677966,all_indices,/scrfs/storage/yikebe/home/DeepSatModels_updated/outputs/2022_AR/18_19/harvest_summary_all_crops.xlsx
train,2022,15_1,Cotton,190,270,198,268,0.875,all_indices,/scrfs/storage/yikebe/home/DeepSatModels_updated/outputs/2022_AR/15_1/harvest_summary_all_crops.xlsx
train,2022,1_15,Cotton,258,313,249,311,0.828125,all_indices,/scrfs/storage/yikebe/home/DeepSatModels_updated/outputs/2022_AR/1_15/harvest_summary_all_crops.xlsx
train,2022,4_1,Cotton,255,350,250,322,0.67,all_indices,/scrfs/storage/yikebe/home/DeepSatModels_updated/outputs/2022_AR/4_1/harvest_summary_all_crops.xlsx
train,2022,5_18,Cotton,313,320,254,319,0.09090909090909091,all_indices,/scrfs/storage/yikebe/home/DeepSatModels_updated/outputs/2022_AR/5_18/harvest_summary_all_crops.xlsx
train,2022,10_3,Cotton,225,350,237,302,0.52,all_indices,/scrfs/storage/yikebe/home/DeepSatModels_updated/outputs/2022_AR/10_3/harvest_summary_all_crops.xlsx
train,2022,10_15,Cotton,313,320,255,328,0.0958904109589041,all_indices,/scrfs/storage/yikebe/home/DeepSatModels_updated/outputs/2022_AR/10_15/harvest_summary_all_crops.xlsx
train,2022,9_6,Cotton,225,320,243,307,0.6736842105263158,all_indices,/scrfs/storage/yikebe/home/DeepSatModels_updated/outputs/2022_AR/9_6/harvest_summary_all_crops.xlsx
train,2022,14_14,Cotton,260,350,262,318,0.6222222222222222,all_indices,/scrfs/storage/yikebe/home/DeepSatModels_updated/outputs/2022_AR/14_14/harvest_summary_all_crops.xlsx
train,2022,14_15,Cotton,255,350,243,311,0.5233644859813084,all_indices,/scrfs/storage/yikebe/home/DeepSatModels_updated/outputs/2022_AR/14_15/harvest_summary_all_crops.xlsx
train,2022,2_13,Cotton,228,313,242,303,0.7176470588235294,all_indices,/scrfs/storage/yikebe/home/DeepSatModels_updated/outputs/2022_AR/2_13/harvest_summary_all_crops.xlsx
train,2022,1_18,Cotton,218,278,216,281,0.9230769230769231,all_indices,/scrfs/storage/yikebe/home/DeepSatModels_updated/outputs/2022_AR/1_18/harvest_summary_all_crops.xlsx
train,2022,12_14,Cotton,265,320,257,314,0.7777777777777778,all_indices,/scrfs/storage/yikebe/home/DeepSatModels_updated/outputs/2022_AR/12_14/harvest_summary_all_crops.xlsx
train,2022,12_0,Cotton,205,350,213,294,0.5586206896551724,all_indices,/scrfs/storage/yikebe/home/DeepSatModels_updated/outputs/2022_AR/12_0/harvest_summary_all_crops.xlsx
train,2022,11_7,Cotton,270,350,254,325,0.5729166666666666,all_indices,/scrfs/storage/yikebe/home/DeepSatModels_updated/outputs/2022_AR/11_7/harvest_summary_all_crops.xlsx
train,2022,13_16,Cotton,260,320,257,312,0.8253968253968254,all_indices,/scrfs/storage/yikebe/home/DeepSatModels_updated/outputs/2022_AR/13_16/harvest_summary_all_crops.xlsx
train,2022,12_5,Cotton,250,300,219,291,0.5061728395061729,all_indices,/scrfs/storage/yikebe/home/DeepSatModels_updated/outputs/2022_AR/12_5/harvest_summary_all_crops.xlsx
train,2022,5_7,Cotton,225,320,224,305,0.8333333333333334,all_indices,/scrfs/storage/yikebe/home/DeepSatModels_updated/outputs/2022_AR/5_7/harvest_summary_all_crops.xlsx
train,2022,15_19,Cotton,260,315,263,316,0.9285714285714286,all_indices,/scrfs/storage/yikebe/home/DeepSatModels_updated/outputs/2022_AR/15_19/harvest_summary_all_crops.xlsx
train,2022,10_16,Cotton,255,320,239,309,0.6666666666666666,all_indices,/scrfs/storage/yikebe/home/DeepSatModels_updated/outputs/2022_AR/10_16/harvest_summary_all_crops.xlsx
train,2022,7_18,Cotton,255,320,252,313,0.8529411764705882,all_indices,/scrfs/storage/yikebe/home/DeepSatModels_updated/outputs/2022_AR/7_18/harvest_summary_all_crops.xlsx
train,2022,16_0,Cotton,190,260,206,275,0.6352941176470588,all_indices,/scrfs/storage/yikebe/home/DeepSatModels_updated/outputs/2022_AR/16_0/harvest_summary_all_crops.xlsx
train,2022,5_14,Cotton,268,320,231,309,0.4606741573033708,all_indices,/scrfs/storage/yikebe/home/DeepSatModels_updated/outputs/2022_AR/5_14/harvest_summary_all_crops.xlsx
train,2022,19_11,Cotton,265,300,262,308,0.7608695652173914,all_indices,/scrfs/storage/yikebe/home/DeepSatModels_updated/outputs/2022_AR/19_11/harvest_summary_all_crops.xlsx
train,2022,9_3,Cotton,265,300,254,300,0.7608695652173914,all_indices,/scrfs/storage/yikebe/home/DeepSatModels_updated/outputs/2022_AR/9_3/harvest_summary_all_crops.xlsx
train,2022,17_9,Cotton,190,275,246,304,0.2543859649122807,all_indices,/scrfs/storage/yikebe/home/DeepSatModels_updated/outputs/2022_AR/17_9/harvest_summary_all_crops.xlsx
train,2022,9_19,Cotton,255,320,245,306,0.68,all_indices,/scrfs/storage/yikebe/home/DeepSatModels_updated/outputs/2022_AR/9_19/harvest_summary_all_crops.xlsx
train,2022,2_10,Cotton,188,288,250,310,0.3114754098360656,all_indices,/scrfs/storage/yikebe/home/DeepSatModels_updated/outputs/2022_AR/2_10/harvest_summary_all_crops.xlsx
train,2022,6_7,Cotton,255,320,238,308,0.6463414634146342,all_indices,/scrfs/storage/yikebe/home/DeepSatModels_updated/outputs/2022_AR/6_7/harvest_summary_all_crops.xlsx
train,2022,11_11,Cotton,255,300,251,305,0.8333333333333334,all_indices,/scrfs/storage/yikebe/home/DeepSatModels_updated/outputs/2022_AR/11_11/harvest_summary_all_crops.xlsx
train,2022,7_10,Cotton,255,320,240,306,0.6375,all_indices,/scrfs/storage/yikebe/home/DeepSatModels_updated/outputs/2022_AR/7_10/harvest_summary_all_crops.xlsx
train,2022,18_11,Cotton,265,300,256,298,0.75,all_indices,/scrfs/storage/yikebe/home/DeepSatModels_updated/outputs/2022_AR/18_11/harvest_summary_all_crops.xlsx
train,2022,17_15,Cotton,225,350,261,321,0.48,all_indices,/scrfs/storage/yikebe/home/DeepSatModels_updated/outputs/2022_AR/17_15/harvest_summary_all_crops.xlsx
train,2022,18_5,Cotton,225,265,199,279,0.5,all_indices,/scrfs/storage/yikebe/home/DeepSatModels_updated/outputs/2022_AR/18_5/harvest_summary_all_crops.xlsx
train,2022,4_9,Cotton,265,320,256,319,0.84375,all_indices,/scrfs/storage/yikebe/home/DeepSatModels_updated/outputs/2022_AR/4_9/harvest_summary_all_crops.xlsx
train,2022,8_0,Cotton,225,285,234,295,0.7285714285714285,all_indices,/scrfs/storage/yikebe/home/DeepSatModels_updated/outputs/2022_AR/8_0/harvest_summary_all_crops.xlsx
train,2022,17_1,Cotton,190,295,224,287,0.6,all_indices,/scrfs/storage/yikebe/home/DeepSatModels_updated/outputs/2022_AR/17_1/harvest_summary_all_crops.xlsx
train,2022,9_17,Cotton,255,320,258,315,0.8769230769230769,all_indices,/scrfs/storage/yikebe/home/DeepSatModels_updated/outputs/2022_AR/9_17/harvest_summary_all_crops.xlsx
train,2022,15_10,Cotton,255,300,251,306,0.8181818181818182,all_indices,/scrfs/storage/yikebe/home/DeepSatModels_updated/outputs/2022_AR/15_10/harvest_summary_all_crops.xlsx
train,2022,4_6,Cotton,255,313,240,308,0.726027397260274,all_indices,/scrfs/storage/yikebe/home/DeepSatModels_updated/outputs/2022_AR/4_6/harvest_summary_all_crops.xlsx
train,2022,12_10,Cotton,265,290,249,310,0.4098360655737705,all_indices,/scrfs/storage/yikebe/home/DeepSatModels_updated/outputs/2022_AR/12_10/harvest_summary_all_crops.xlsx
train,2022,6_8,Cotton,255,320,244,311,0.7368421052631579,all_indices,/scrfs/storage/yikebe/home/DeepSatModels_updated/outputs/2022_AR/6_8/harvest_summary_all_crops.xlsx
train,2022,9_8,Cotton,255,313,251,311,0.9032258064516129,all_indices,/scrfs/storage/yikebe/home/DeepSatModels_updated/outputs/2022_AR/9_8/harvest_summary_all_crops.xlsx
train,2022,17_2,Cotton,190,270,208,276,0.7209302325581395,all_indices,/scrfs/storage/yikebe/home/DeepSatModels_updated/outputs/2022_AR/17_2/harvest_summary_all_crops.xlsx
train,2022,18_9,Cotton,255,285,263,304,0.4489795918367347,all_indices,/scrfs/storage/yikebe/home/DeepSatModels_updated/outputs/2022_AR/18_9/harvest_summary_all_crops.xlsx
train,2022,6_5,Cotton,228,313,232,304,0.8470588235294118,all_indices,/scrfs/storage/yikebe/home/DeepSatModels_updated/outputs/2022_AR/6_5/harvest_summary_all_crops.xlsx
train,2022,3_7,Cotton,265,320,274,332,0.6865671641791045,all_indices,/scrfs/storage/yikebe/home/DeepSatModels_updated/outputs/2022_AR/3_7/harvest_summary_all_crops.xlsx
train,2022,1_19,Cotton,218,313,222,289,0.7052631578947368,all_indices,/scrfs/storage/yikebe/home/DeepSatModels_updated/outputs/2022_AR/1_19/harvest_summary_all_crops.xlsx
train,2022,10_18,Cotton,255,320,249,308,0.7464788732394366,all_indices,/scrfs/storage/yikebe/home/DeepSatModels_updated/outputs/2022_AR/10_18/harvest_summary_all_crops.xlsx
train,2022,2_0,Cotton,265,315,260,324,0.78125,all_indices,/scrfs/storage/yikebe/home/DeepSatModels_updated/outputs/2022_AR/2_0/harvest_summary_all_crops.xlsx
train,2022,18_16,Cotton,255,300,244,303,0.7627118644067796,all_indices,/scrfs/storage/yikebe/home/DeepSatModels_updated/outputs/2022_AR/18_16/harvest_summary_all_crops.xlsx
train,2022,19_12,Cotton,265,300,258,304,0.7608695652173914,all_indices,/scrfs/storage/yikebe/home/DeepSatModels_updated/outputs/2022_AR/19_12/harvest_summary_all_crops.xlsx
train,2022,11_3,Cotton,250,350,237,304,0.4778761061946903,all_indices,/scrfs/storage/yikebe/home/DeepSatModels_updated/outputs/2022_AR/11_3/harvest_summary_all_crops.xlsx
train,2022,9_5,Cotton,255,350,260,312,0.5473684210526316,all_indices,/scrfs/storage/yikebe/home/DeepSatModels_updated/outputs/2022_AR/9_5/harvest_summary_all_crops.xlsx
train,2022,13_1,Cotton,255,350,241,297,0.3853211009174312,all_indices,/scrfs/storage/yikebe/home/DeepSatModels_updated/outputs/2022_AR/13_1/harvest_summary_all_crops.xlsx
train,2022,1_16,Cotton,293,313,250,301,0.12698412698412698,all_indices,/scrfs/storage/yikebe/home/DeepSatModels_updated/outputs/2022_AR/1_16/harvest_summary_all_crops.xlsx
train,2022,4_4,Cotton,265,313,254,312,0.7966101694915254,all_indices,/scrfs/storage/yikebe/home/DeepSatModels_updated/outputs/2022_AR/4_4/harvest_summary_all_crops.xlsx
train,2022,5_5,Cotton,188,350,235,335,0.6172839506172839,all_indices,/scrfs/storage/yikebe/home/DeepSatModels_updated/outputs/2022_AR/5_5/harvest_summary_all_crops.xlsx
train,2022,12_17,Cotton,260,315,261,316,0.9642857142857143,all_indices,/scrfs/storage/yikebe/home/DeepSatModels_updated/outputs/2022_AR/12_17/harvest_summary_all_crops.xlsx
train,2022,4_17,Cotton,268,320,255,316,0.7384615384615385,all_indices,/scrfs/storage/yikebe/home/DeepSatModels_updated/outputs/2022_AR/4_17/harvest_summary_all_crops.xlsx
train,2022,12_8,Cotton,225,350,237,309,0.576,all_indices,/scrfs/storage/yikebe/home/DeepSatModels_updated/outputs/2022_AR/12_8/harvest_summary_all_crops.xlsx
train,2022,3_2,Cotton,220,313,260,319,0.5353535353535354,all_indices,/scrfs/storage/yikebe/home/DeepSatModels_updated/outputs/2022_AR/3_2/harvest_summary_all_crops.xlsx
train,2022,2_19,Cotton,203,313,223,287,0.5818181818181818,all_indices,/scrfs/storage/yikebe/home/DeepSatModels_updated/outputs/2022_AR/2_19/harvest_summary_all_crops.xlsx
train,2022,6_16,Cotton,255,320,250,309,0.7714285714285715,all_indices,/scrfs/storage/yikebe/home/DeepSatModels_updated/outputs/2022_AR/6_16/harvest_summary_all_crops.xlsx
train,2022,3_19,Cotton,193,313,224,288,0.5333333333333333,all_indices,/scrfs/storage/yikebe/home/DeepSatModels_updated/outputs/2022_AR/3_19/harvest_summary_all_crops.xlsx
train,2022,4_12,Cotton,255,320,249,311,0.7887323943661971,all_indices,/scrfs/storage/yikebe/home/DeepSatModels_updated/outputs/2022_AR/4_12/harvest_summary_all_crops.xlsx
train,2022,14_19,Cotton,270,320,261,313,0.7288135593220338,all_indices,/scrfs/storage/yikebe/home/DeepSatModels_updated/outputs/2022_AR/14_19/harvest_summary_all_crops.xlsx
train,2022,18_12,Cotton,265,300,261,305,0.7954545454545454,all_indices,/scrfs/storage/yikebe/home/DeepSatModels_updated/outputs/2022_AR/18_12/harvest_summary_all_crops.xlsx
train,2022,9_7,Cotton,225,320,248,306,0.6105263157894737,all_indices,/scrfs/storage/yikebe/home/DeepSatModels_updated/outputs/2022_AR/9_7/harvest_summary_all_crops.xlsx
train,2022,5_2,Cotton,205,298,223,296,0.7849462365591398,all_indices,/scrfs/storage/yikebe/home/DeepSatModels_updated/outputs/2022_AR/5_2/harvest_summary_all_crops.xlsx
train,2022,18_1,Cotton,270,300,250,309,0.5084745762711864,all_indices,/scrfs/storage/yikebe/home/DeepSatModels_updated/outputs/2022_AR/18_1/harvest_summary_all_crops.xlsx
train,2022,10_1,Cotton,180,265,210,281,0.5445544554455446,all_indices,/scrfs/storage/yikebe/home/DeepSatModels_updated/outputs/2022_AR/10_1/harvest_summary_all_crops.xlsx
train,2022,6_15,Cotton,255,285,247,314,0.44776119402985076,all_indices,/scrfs/storage/yikebe/home/DeepSatModels_updated/outputs/2022_AR/6_15/harvest_summary_all_crops.xlsx
train,2022,7_15,Cotton,265,320,256,318,0.828125,all_indices,/scrfs/storage/yikebe/home/DeepSatModels_updated/outputs/2022_AR/7_15/harvest_summary_all_crops.xlsx
train,2022,15_0,Cotton,265,295,233,293,0.45161290322580644,all_indices,/scrfs/storage/yikebe/home/DeepSatModels_updated/outputs/2022_AR/15_0/harvest_summary_all_crops.xlsx
train,2022,8_13,Cotton,228,320,246,314,0.7391304347826086,all_indices,/scrfs/storage/yikebe/home/DeepSatModels_updated/outputs/2022_AR/8_13/harvest_summary_all_crops.xlsx
train,2022,18_8,Cotton,200,275,223,285,0.611764705882353,all_indices,/scrfs/storage/yikebe/home/DeepSatModels_updated/outputs/2022_AR/18_8/harvest_summary_all_crops.xlsx
train,2022,9_10,Cotton,255,320,251,311,0.8115942028985508,all_indices,/scrfs/storage/yikebe/home/DeepSatModels_updated/outputs/2022_AR/9_10/harvest_summary_all_crops.xlsx
train,2022,10_7,Cotton,265,320,246,307,0.5675675675675675,all_indices,/scrfs/storage/yikebe/home/DeepSatModels_updated/outputs/2022_AR/10_7/harvest_summary_all_crops.xlsx
train,2022,18_10,Cotton,265,315,261,304,0.7222222222222222,all_indices,/scrfs/storage/yikebe/home/DeepSatModels_updated/outputs/2022_AR/18_10/harvest_summary_all_crops.xlsx
train,2022,8_1,Cotton,255,285,229,292,0.47619047619047616,all_indices,/scrfs/storage/yikebe/home/DeepSatModels_updated/outputs/2022_AR/8_1/harvest_summary_all_crops.xlsx
train,2022,11_8,Cotton,265,300,257,316,0.5932203389830508,all_indices,/scrfs/storage/yikebe/home/DeepSatModels_updated/outputs/2022_AR/11_8/harvest_summary_all_crops.xlsx
train,2022,16_6,Cotton,255,285,247,298,0.5882352941176471,all_indices,/scrfs/storage/yikebe/home/DeepSatModels_updated/outputs/2022_AR/16_6/harvest_summary_all_crops.xlsx
train,2022,14_1,Cotton,190,295,206,281,0.7142857142857143,all_indices,/scrfs/storage/yikebe/home/DeepSatModels_updated/outputs/2022_AR/14_1/harvest_summary_all_crops.xlsx
train,2022,13_6,Cotton,255,350,239,298,0.38738738738738737,all_indices,/scrfs/storage/yikebe/home/DeepSatModels_updated/outputs/2022_AR/13_6/harvest_summary_all_crops.xlsx
train,2022,10_4,Cotton,265,350,258,315,0.5434782608695652,all_indices,/scrfs/storage/yikebe/home/DeepSatModels_updated/outputs/2022_AR/10_4/harvest_summary_all_crops.xlsx
train,2022,7_4,Cotton,255,318,252,318,0.9545454545454546,all_indices,/scrfs/storage/yikebe/home/DeepSatModels_updated/outputs/2022_AR/7_4/harvest_summary_all_crops.xlsx
train,2022,14_12,Cotton,265,300,259,305,0.7608695652173914,all_indices,/scrfs/storage/yikebe/home/DeepSatModels_updated/outputs/2022_AR/14_12/harvest_summary_all_crops.xlsx
train,2022,16_11,Cotton,200,350,220,284,0.4266666666666667,all_indices,/scrfs/storage/yikebe/home/DeepSatModels_updated/outputs/2022_AR/16_11/harvest_summary_all_crops.xlsx
train,2022,9_15,Cotton,255,320,242,314,0.7564102564102564,all_indices,/scrfs/storage/yikebe/home/DeepSatModels_updated/outputs/2022_AR/9_15/harvest_summary_all_crops.xlsx
train,2022,3_3,Cotton,228,300,241,308,0.7375,all_indices,/scrfs/storage/yikebe/home/DeepSatModels_updated/outputs/2022_AR/3_3/harvest_summary_all_crops.xlsx
train,2022,19_15,Cotton,225,350,259,317,0.464,all_indices,/scrfs/storage/yikebe/home/DeepSatModels_updated/outputs/2022_AR/19_15/harvest_summary_all_crops.xlsx
train,2022,17_14,Cotton,255,350,244,312,0.5377358490566038,all_indices,/scrfs/storage/yikebe/home/DeepSatModels_updated/outputs/2022_AR/17_14/harvest_summary_all_crops.xlsx
train,2022,13_2,Cotton,250,350,229,291,0.33884297520661155,all_indices,/scrfs/storage/yikebe/home/DeepSatModels_updated/outputs/2022_AR/13_2/harvest_summary_all_crops.xlsx
train,2022,2_3,Cotton,263,350,266,326,0.6896551724137931,all_indices,/scrfs/storage/yikebe/home/DeepSatModels_updated/outputs/2022_AR/2_3/harvest_summary_all_crops.xlsx
train,2022,9_18,Cotton,255,320,245,305,0.6666666666666666,all_indices,/scrfs/storage/yikebe/home/DeepSatModels_updated/outputs/2022_AR/9_18/harvest_summary_all_crops.xlsx
train,2022,18_15,Cotton,225,350,207,295,0.48951048951048953,all_indices,/scrfs/storage/yikebe/home/DeepSatModels_updated/outputs/2022_AR/18_15/harvest_summary_all_crops.xlsx
train,2022,2_12,Cotton,293,313,246,308,0.22388059701492538,all_indices,/scrfs/storage/yikebe/home/DeepSatModels_updated/outputs/2022_AR/2_12/harvest_summary_all_crops.xlsx
train,2022,12_1,Cotton,250,300,212,285,0.3977272727272727,all_indices,/scrfs/storage/yikebe/home/DeepSatModels_updated/outputs/2022_AR/12_1/harvest_summary_all_crops.xlsx
train,2022,10_8,Cotton,220,320,227,301,0.74,all_indices,/scrfs/storage/yikebe/home/DeepSatModels_updated/outputs/2022_AR/10_8/harvest_summary_all_crops.xlsx
train,2022,13_7,Cotton,255,315,256,306,0.8333333333333334,all_indices,/scrfs/storage/yikebe/home/DeepSatModels_updated/outputs/2022_AR/13_7/harvest_summary_all_crops.xlsx
train,2022,15_6,Cotton,255,300,252,301,0.9183673469387755,all_indices,/scrfs/storage/yikebe/home/DeepSatModels_updated/outputs/2022_AR/15_6/harvest_summary_all_crops.xlsx
train,2022,0_18,Cotton,203,313,235,299,0.5818181818181818,all_indices,/scrfs/storage/yikebe/home/DeepSatModels_updated/outputs/2022_AR/0_18/harvest_summary_all_crops.xlsx
train,2022,3_9,Cotton,265,313,272,329,0.640625,all_indices,/scrfs/storage/yikebe/home/DeepSatModels_updated/outputs/2022_AR/3_9/harvest_summary_all_crops.xlsx
train,2022,5_12,Cotton,255,290,246,309,0.5555555555555556,all_indices,/scrfs/storage/yikebe/home/DeepSatModels_updated/outputs/2022_AR/5_12/harvest_summary_all_crops.xlsx
train,2022,16_15,Cotton,225,350,260,321,0.488,all_indices,/scrfs/storage/yikebe/home/DeepSatModels_updated/outputs/2022_AR/16_15/harvest_summary_all_crops.xlsx
train,2022,8_4,Cotton,255,315,253,307,0.8387096774193549,all_indices,/scrfs/storage/yikebe/home/DeepSatModels_updated/outputs/2022_AR/8_4/harvest_summary_all_crops.xlsx
train,2022,12_11,Cotton,225,290,245,307,0.5487804878048781,all_indices,/scrfs/storage/yikebe/home/DeepSatModels_updated/outputs/2022_AR/12_11/harvest_summary_all_crops.xlsx
train,2022,12_15,Cotton,285,350,272,333,0.6153846153846154,all_indices,/scrfs/storage/yikebe/home/DeepSatModels_updated/outputs/2022_AR/12_15/harvest_summary_all_crops.xlsx
train,2022,16_17,Cotton,260,320,258,313,0.8548387096774194,all_indices,/scrfs/storage/yikebe/home/DeepSatModels_updated/outputs/2022_AR/16_17/harvest_summary_all_crops.xlsx
train,2022,7_12,Cotton,255,320,244,311,0.7368421052631579,all_indices,/scrfs/storage/yikebe/home/DeepSatModels_updated/outputs/2022_AR/7_12/harvest_summary_all_crops.xlsx
train,2022,10_14,Cotton,255,320,234,312,0.6627906976744186,all_indices,/scrfs/storage/yikebe/home/DeepSatModels_updated/outputs/2022_AR/10_14/harvest_summary_all_crops.xlsx
train,2022,3_0,Cotton,293,350,241,324,0.28440366972477066,all_indices,/scrfs/storage/yikebe/home/DeepSatModels_updated/outputs/2022_AR/3_0/harvest_summary_all_crops.xlsx
train,2022,2_18,Cotton,203,278,214,276,0.8266666666666667,all_indices,/scrfs/storage/yikebe/home/DeepSatModels_updated/outputs/2022_AR/2_18/harvest_summary_all_crops.xlsx
train,2022,2_8,Cotton,288,318,255,310,0.3492063492063492,all_indices,/scrfs/storage/yikebe/home/DeepSatModels_updated/outputs/2022_AR/2_8/harvest_summary_all_crops.xlsx
train,2022,19_0,Cotton,255,280,244,296,0.4807692307692308,all_indices,/scrfs/storage/yikebe/home/DeepSatModels_updated/outputs/2022_AR/19_0/harvest_summary_all_crops.xlsx
train,2022,10_2,Cotton,270,315,233,300,0.36585365853658536,all_indices,/scrfs/storage/yikebe/home/DeepSatModels_updated/outputs/2022_AR/10_2/harvest_summary_all_crops.xlsx
train,2022,5_0,Cotton,205,313,208,293,0.7870370370370371,all_indices,/scrfs/storage/yikebe/home/DeepSatModels_updated/outputs/2022_AR/5_0/harvest_summary_all_crops.xlsx
train,2022,7_9,Cotton,255,320,247,309,0.7397260273972602,all_indices,/scrfs/storage/yikebe/home/DeepSatModels_updated/outputs/2022_AR/7_9/harvest_summary_all_crops.xlsx
train,2022,12_6,Cotton,225,350,227,305,0.624,all_indices,/scrfs/storage/yikebe/home/DeepSatModels_updated/outputs/2022_AR/12_6/harvest_summary_all_crops.xlsx
train,2022,3_16,Cotton,203,293,238,285,0.5222222222222223,all_indices,/scrfs/storage/yikebe/home/DeepSatModels_updated/outputs/2022_AR/3_16/harvest_summary_all_crops.xlsx
train,2022,16_3,Cotton,190,280,205,286,0.78125,all_indices,/scrfs/storage/yikebe/home/DeepSatModels_updated/outputs/2022_AR/16_3/harvest_summary_all_crops.xlsx
train,2022,11_10,Cotton,220,290,211,286,0.8354430379746836,all_indices,/scrfs/storage/yikebe/home/DeepSatModels_updated/outputs/2022_AR/11_10/harvest_summary_all_crops.xlsx
train,2022,11_9,Cotton,265,350,244,309,0.41509433962264153,all_indices,/scrfs/storage/yikebe/home/DeepSatModels_updated/outputs/2022_AR/11_9/harvest_summary_all_crops.xlsx
train,2022,3_13,Cotton,265,313,242,314,0.6666666666666666,all_indices,/scrfs/storage/yikebe/home/DeepSatModels_updated/outputs/2022_AR/3_13/harvest_summary_all_crops.xlsx
train,2022,8_9,Cotton,255,320,247,307,0.7123287671232876,all_indices,/scrfs/storage/yikebe/home/DeepSatModels_updated/outputs/2022_AR/8_9/harvest_summary_all_crops.xlsx
train,2022,19_10,Cotton,265,350,268,314,0.5411764705882353,all_indices,/scrfs/storage/yikebe/home/DeepSatModels_updated/outputs/2022_AR/19_10/harvest_summary_all_crops.xlsx
train,2022,1_14,Cotton,178,218,243,307,0.0,all_indices,/scrfs/storage/yikebe/home/DeepSatModels_updated/outputs/2022_AR/1_14/harvest_summary_all_crops.xlsx
train,2022,13_3,Cotton,190,350,210,289,0.49375,all_indices,/scrfs/storage/yikebe/home/DeepSatModels_updated/outputs/2022_AR/13_3/harvest_summary_all_crops.xlsx
train,2022,11_14,Cotton,225,320,245,311,0.6947368421052632,all_indices,/scrfs/storage/yikebe/home/DeepSatModels_updated/outputs/2022_AR/11_14/harvest_summary_all_crops.xlsx
train,2022,6_13,Cotton,255,320,246,314,0.7972972972972973,all_indices,/scrfs/storage/yikebe/home/DeepSatModels_updated/outputs/2022_AR/6_13/harvest_summary_all_crops.xlsx
train,2022,4_13,Cotton,255,318,247,307,0.7323943661971831,all_indices,/scrfs/storage/yikebe/home/DeepSatModels_updated/outputs/2022_AR/4_13/harvest_summary_all_crops.xlsx
train,2022,8_5,Cotton,205,288,218,297,0.7608695652173914,all_indices,/scrfs/storage/yikebe/home/DeepSatModels_updated/outputs/2022_AR/8_5/harvest_summary_all_crops.xlsx
train,2022,2_9,Cotton,288,318,252,316,0.42424242424242425,all_indices,/scrfs/storage/yikebe/home/DeepSatModels_updated/outputs/2022_AR/2_9/harvest_summary_all_crops.xlsx
train,2022,5_11,Cotton,255,320,247,308,0.726027397260274,all_indices,/scrfs/storage/yikebe/home/DeepSatModels_updated/outputs/2022_AR/5_11/harvest_summary_all_crops.xlsx
train,2022,12_16,Cotton,260,320,263,317,0.9,all_indices,/scrfs/storage/yikebe/home/DeepSatModels_updated/outputs/2022_AR/12_16/harvest_summary_all_crops.xlsx
train,2022,10_10,Cotton,270,300,258,312,0.5555555555555556,all_indices,/scrfs/storage/yikebe/home/DeepSatModels_updated/outputs/2022_AR/10_10/harvest_summary_all_crops.xlsx
train,2022,9_2,Cotton,265,300,247,306,0.5932203389830508,all_indices,/scrfs/storage/yikebe/home/DeepSatModels_updated/outputs/2022_AR/9_2/harvest_summary_all_crops.xlsx
train,2022,17_6,Cotton,200,275,204,286,0.8255813953488372,all_indices,/scrfs/storage/yikebe/home/DeepSatModels_updated/outputs/2022_AR/17_6/harvest_summary_all_crops.xlsx
train,2022,16_18,Cotton,255,350,256,311,0.5789473684210527,all_indices,/scrfs/storage/yikebe/home/DeepSatModels_updated/outputs/2022_AR/16_18/harvest_summary_all_crops.xlsx
train,2022,16_14,Cotton,255,350,254,315,0.625,all_indices,/scrfs/storage/yikebe/home/DeepSatModels_updated/outputs/2022_AR/16_14/harvest_summary_all_crops.xlsx
train,2022,1_0,Cotton,313,350,245,317,0.0380952380952381,all_indices,/scrfs/storage/yikebe/home/DeepSatModels_updated/outputs/2022_AR/1_0/harvest_summary_all_crops.xlsx
train,2022,7_5,Cotton,228,313,224,304,0.8539325842696629,all_indices,/scrfs/storage/yikebe/home/DeepSatModels_updated/outputs/2022_AR/7_5/harvest_summary_all_crops.xlsx
train,2022,12_18,Cotton,260,320,265,315,0.8333333333333334,all_indices,/scrfs/storage/yikebe/home/DeepSatModels_updated/outputs/2022_AR/12_18/harvest_summary_all_crops.xlsx
train,2022,7_14,Cotton,255,320,245,310,0.7333333333333333,all_indices,/scrfs/storage/yikebe/home/DeepSatModels_updated/outputs/2022_AR/7_14/harvest_summary_all_crops.xlsx
train,2022,16_2,Cotton,190,280,199,273,0.8222222222222222,all_indices,/scrfs/storage/yikebe/home/DeepSatModels_updated/outputs/2022_AR/16_2/harvest_summary_all_crops.xlsx
train,2022,19_18,Cotton,225,300,236,298,0.8266666666666667,all_indices,/scrfs/storage/yikebe/home/DeepSatModels_updated/outputs/2022_AR/19_18/harvest_summary_all_crops.xlsx
train,2022,14_2,Cotton,190,295,209,284,0.7142857142857143,all_indices,/scrfs/storage/yikebe/home/DeepSatModels_updated/outputs/2022_AR/14_2/harvest_summary_all_crops.xlsx
train,2022,14_6,Cotton,255,350,254,310,0.5729166666666666,all_indices,/scrfs/storage/yikebe/home/DeepSatModels_updated/outputs/2022_AR/14_6/harvest_summary_all_crops.xlsx
train,2022,12_13,Cotton,255,290,249,304,0.6363636363636364,all_indices,/scrfs/storage/yikebe/home/DeepSatModels_updated/outputs/2022_AR/12_13/harvest_summary_all_crops.xlsx
train,2022,4_14,Cotton,255,288,219,297,0.4230769230769231,all_indices,/scrfs/storage/yikebe/home/DeepSatModels_updated/outputs/2022_AR/4_14/harvest_summary_all_crops.xlsx
train,2022,3_14,Cotton,255,320,257,323,0.9264705882352942,all_indices,/scrfs/storage/yikebe/home/DeepSatModels_updated/outputs/2022_AR/3_14/harvest_summary_all_crops.xlsx
train,2022,5_16,Cotton,255,320,241,305,0.6329113924050633,all_indices,/scrfs/storage/yikebe/home/DeepSatModels_updated/outputs/2022_AR/5_16/harvest_summary_all_crops.xlsx
train,2022,6_14,Cotton,255,320,252,317,0.9117647058823529,all_indices,/scrfs/storage/yikebe/home/DeepSatModels_updated/outputs/2022_AR/6_14/harvest_summary_all_crops.xlsx
train,2022,13_4,Cotton,250,300,237,304,0.746268656716418,all_indices,/scrfs/storage/yikebe/home/DeepSatModels_updated/outputs/2022_AR/13_4/harvest_summary_all_crops.xlsx
train,2022,18_2,Cotton,255,315,255,312,0.95,all_indices,/scrfs/storage/yikebe/home/DeepSatModels_updated/outputs/2022_AR/18_2/harvest_summary_all_crops.xlsx
train,2022,16_16,Cotton,260,350,262,320,0.6444444444444445,all_indices,/scrfs/storage/yikebe/home/DeepSatModels_updated/outputs/2022_AR/16_16/harvest_summary_all_crops.xlsx
train,2022,13_13,Cotton,255,300,259,306,0.803921568627451,all_indices,/scrfs/storage/yikebe/home/DeepSatModels_updated/outputs/2022_AR/13_13/harvest_summary_all_crops.xlsx
train,2022,11_13,Cotton,225,290,219,293,0.8783783783783784,all_indices,/scrfs/storage/yikebe/home/DeepSatModels_updated/outputs/2022_AR/11_13/harvest_summary_all_crops.xlsx
train,2022,10_11,Cotton,265,290,263,324,0.4098360655737705,all_indices,/scrfs/storage/yikebe/home/DeepSatModels_updated/outputs/2022_AR/10_11/harvest_summary_all_crops.xlsx
train,2022,17_19,Cotton,260,320,254,310,0.7575757575757576,all_indices,/scrfs/storage/yikebe/home/DeepSatModels_updated/outputs/2022_AR/17_19/harvest_summary_all_crops.xlsx
train,2022,9_11,Cotton,318,320,250,314,0.0,all_indices,/scrfs/storage/yikebe/home/DeepSatModels_updated/outputs/2022_AR/9_11/harvest_summary_all_crops.xlsx
train,2022,16_10,Cotton,200,275,213,282,0.7560975609756098,all_indices,/scrfs/storage/yikebe/home/DeepSatModels_updated/outputs/2022_AR/16_10/harvest_summary_all_crops.xlsx
train,2022,4_19,Cotton,255,320,248,311,0.7777777777777778,all_indices,/scrfs/storage/yikebe/home/DeepSatModels_updated/outputs/2022_AR/4_19/harvest_summary_all_crops.xlsx
train,2022,8_12,Cotton,228,320,234,308,0.8043478260869565,all_indices,/scrfs/storage/yikebe/home/DeepSatModels_updated/outputs/2022_AR/8_12/harvest_summary_all_crops.xlsx
train,2022,16_1,Cotton,190,280,198,268,0.7777777777777778,all_indices,/scrfs/storage/yikebe/home/DeepSatModels_updated/outputs/2022_AR/16_1/harvest_summary_all_crops.xlsx
train,2022,10_6,Cotton,225,300,242,303,0.7435897435897436,all_indices,/scrfs/storage/yikebe/home/DeepSatModels_updated/outputs/2022_AR/10_6/harvest_summary_all_crops.xlsx
train,2022,19_2,Cotton,265,350,251,313,0.48484848484848486,all_indices,/scrfs/storage/yikebe/home/DeepSatModels_updated/outputs/2022_AR/19_2/harvest_summary_all_crops.xlsx
train,2022,14_9,Cotton,255,275,238,295,0.3508771929824561,all_indices,/scrfs/storage/yikebe/home/DeepSatModels_updated/outputs/2022_AR/14_9/harvest_summary_all_crops.xlsx
train,2022,13_0,Cotton,190,280,200,280,0.8888888888888888,all_indices,/scrfs/storage/yikebe/home/DeepSatModels_updated/outputs/2022_AR/13_0/harvest_summary_all_crops.xlsx
train,2022,6_2,Cotton,225,298,224,297,0.972972972972973,all_indices,/scrfs/storage/yikebe/home/DeepSatModels_updated/outputs/2022_AR/6_2/harvest_summary_all_crops.xlsx
train,2022,19_7,Cotton,265,275,246,303,0.17543859649122806,all_indices,/scrfs/storage/yikebe/home/DeepSatModels_updated/outputs/2022_AR/19_7/harvest_summary_all_crops.xlsx
train,2022,4_5,Cotton,270,315,271,326,0.7857142857142857,all_indices,/scrfs/storage/yikebe/home/DeepSatModels_updated/outputs/2022_AR/4_5/harvest_summary_all_crops.xlsx
train,2022,16_9,Cotton,255,275,200,276,0.2631578947368421,all_indices,/scrfs/storage/yikebe/home/DeepSatModels_updated/outputs/2022_AR/16_9/harvest_summary_all_crops.xlsx
train,2022,15_3,Cotton,270,315,249,306,0.5454545454545454,all_indices,/scrfs/storage/yikebe/home/DeepSatModels_updated/outputs/2022_AR/15_3/harvest_summary_all_crops.xlsx
train,2022,6_12,Cotton,255,320,250,310,0.7857142857142857,all_indices,/scrfs/storage/yikebe/home/DeepSatModels_updated/outputs/2022_AR/6_12/harvest_summary_all_crops.xlsx
train,2022,4_11,Cotton,255,320,255,316,0.9384615384615385,all_indices,/scrfs/storage/yikebe/home/DeepSatModels_updated/outputs/2022_AR/4_11/harvest_summary_all_crops.xlsx
train,2022,14_13,Cotton,265,315,258,304,0.6842105263157895,all_indices,/scrfs/storage/yikebe/home/DeepSatModels_updated/outputs/2022_AR/14_13/harvest_summary_all_crops.xlsx
train,2022,17_16,Cotton,255,290,251,305,0.6481481481481481,all_indices,/scrfs/storage/yikebe/home/DeepSatModels_updated/outputs/2022_AR/17_16/harvest_summary_all_crops.xlsx
train,2022,17_18,Cotton,260,350,256,312,0.5531914893617021,all_indices,/scrfs/storage/yikebe/home/DeepSatModels_updated/outputs/2022_AR/17_18/harvest_summary_all_crops.xlsx
train,2022,15_14,Cotton,255,350,253,315,0.6185567010309279,all_indices,/scrfs/storage/yikebe/home/DeepSatModels_updated/outputs/2022_AR/15_14/harvest_summary_all_crops.xlsx
train,2022,14_18,Cotton,260,320,258,313,0.8548387096774194,all_indices,/scrfs/storage/yikebe/home/DeepSatModels_updated/outputs/2022_AR/14_18/harvest_summary_all_crops.xlsx
train,2022,18_6,Cotton,265,300,258,301,0.813953488372093,all_indices,/scrfs/storage/yikebe/home/DeepSatModels_updated/outputs/2022_AR/18_6/harvest_summary_all_crops.xlsx
train,2022,4_0,Cotton,193,300,210,291,0.7570093457943925,all_indices,/scrfs/storage/yikebe/home/DeepSatModels_updated/outputs/2022_AR/4_0/harvest_summary_all_crops.xlsx
train,2022,1_9,Cotton,208,313,234,293,0.5619047619047619,all_indices,/scrfs/storage/yikebe/home/DeepSatModels_updated/outputs/2022_AR/1_9/harvest_summary_all_crops.xlsx
train,2022,15_9,Cotton,255,285,243,300,0.5263157894736842,all_indices,/scrfs/storage/yikebe/home/DeepSatModels_updated/outputs/2022_AR/15_9/harvest_summary_all_crops.xlsx
train,2022,11_5,Cotton,255,350,254,311,0.5833333333333334,all_indices,/scrfs/storage/yikebe/home/DeepSatModels_updated/outputs/2022_AR/11_5/harvest_summary_all_crops.xlsx
train,2022,10_0,Cotton,255,315,252,311,0.8888888888888888,all_indices,/scrfs/storage/yikebe/home/DeepSatModels_updated/outputs/2022_AR/10_0/harvest_summary_all_crops.xlsx
train,2022,5_9,Cotton,255,313,244,312,0.8260869565217391,all_indices,/scrfs/storage/yikebe/home/DeepSatModels_updated/outputs/2022_AR/5_9/harvest_summary_all_crops.xlsx
train,2022,15_8,Cotton,255,285,232,290,0.5172413793103449,all_indices,/scrfs/storage/yikebe/home/DeepSatModels_updated/outputs/2022_AR/15_8/harvest_summary_all_crops.xlsx
train,2022,14_10,Cotton,265,300,256,305,0.7142857142857143,all_indices,/scrfs/storage/yikebe/home/DeepSatModels_updated/outputs/2022_AR/14_10/harvest_summary_all_crops.xlsx
train,2022,17_11,Cotton,265,300,258,302,0.7954545454545454,all_indices,/scrfs/storage/yikebe/home/DeepSatModels_updated/outputs/2022_AR/17_11/harvest_summary_all_crops.xlsx
train,2022,11_15,Cotton,300,320,259,326,0.29850746268656714,all_indices,/scrfs/storage/yikebe/home/DeepSatModels_updated/outputs/2022_AR/11_15/harvest_summary_all_crops.xlsx
train,2022,18_13,Cotton,270,315,260,307,0.6727272727272727,all_indices,/scrfs/storage/yikebe/home/DeepSatModels_updated/outputs/2022_AR/18_13/harvest_summary_all_crops.xlsx
train,2022,19_19,Cotton,255,300,256,303,0.9166666666666666,all_indices,/scrfs/storage/yikebe/home/DeepSatModels_updated/outputs/2022_AR/19_19/harvest_summary_all_crops.xlsx
train,2022,7_16,Cotton,258,320,255,316,0.8923076923076924,all_indices,/scrfs/storage/yikebe/home/DeepSatModels_updated/outputs/2022_AR/7_16/harvest_summary_all_crops.xlsx
train,2022,9_0,Cotton,270,315,254,311,0.6721311475409836,all_indices,/scrfs/storage/yikebe/home/DeepSatModels_updated/outputs/2022_AR/9_0/harvest_summary_all_crops.xlsx
